5.621490074592186659e+01
5.545747880500230309e+01
5.463253055412523196e+01
5.352478132497430607e+01
5.237786708953922243e+01
5.088912329947657298e+01
4.828248364876787235e+01
4.691502218859952222e+01
4.480231467495082143e+01
4.274888910562258815e+01
4.105345803384113879e+01
3.933217793015955976e+01
3.756658217842892356e+01
3.600881778174453984e+01
3.515619136312872683e+01
3.504839184524761464e+01
3.460176124641529327e+01
3.390789654947838727e+01
3.284809095939376533e+01
3.242077367749864436e+01
3.456315095905711843e+01
3.805954608997071631e+01
4.134831341576364849e+01
4.290470248733194580e+01
4.236297901125298893e+01
4.055538783612694687e+01
3.957404657025361416e+01
3.923859810630446532e+01
3.812682235820615517e+01
3.502189349065491086e+01
3.051649708175466102e+01
2.610754744547215722e+01
2.413623965097817248e+01
2.460968047980048112e+01
2.540950144441333336e+01
2.461510670756928221e+01
2.155961924199072755e+01
1.635513754637568340e+01
1.094185859343083500e+01
5.186171292670746169e+00
6.476247498261163138e-02
-4.566545707373331098e+00
-8.327612648605613899e+00
-1.172710030026000538e+01
-1.561658541108887377e+01
-1.787696585208259492e+01
-1.738647951601403818e+01
-1.544831562170430317e+01
-1.427108658214017645e+01
-1.570137579842204190e+01
-2.013068438236233604e+01
-2.464905408577158852e+01
-2.722808487313986348e+01
-2.759924710104233725e+01
-2.809173105562474859e+01
-3.000382630742549495e+01
-3.288709578486653129e+01
-3.517061380628620526e+01
-3.598296494048910432e+01
-3.638519944183653365e+01
-3.764247116409394778e+01
-3.937812976529131248e+01
-4.043440188973851690e+01
-4.082474013006518732e+01
-4.122933710539372498e+01
-4.187456181840884994e+01
-4.242898630222146039e+01
-4.303809440338582704e+01
-4.349371649039466803e+01
-4.399411036487008886e+01
-4.427134267091434339e+01
-4.417348500813245948e+01
-4.401464431173567249e+01
-4.398910867667513003e+01
-4.425158568697291628e+01
-4.458467861224509932e+01
-4.457778140644324338e+01
-4.455216910863646973e+01
-4.463935874458456254e+01
-4.488152681011197842e+01
-4.452774308809044612e+01
-4.347782835799237944e+01
-4.160457446490389799e+01
-3.941978264530402498e+01
-3.663602502782691062e+01
-3.416424648422916732e+01
-3.210787897824166492e+01
-2.957653128438431267e+01
-2.679480440596060120e+01
-2.523701022602340416e+01
-2.482088470648736944e+01
-2.425507849886942680e+01
-2.244257369845336569e+01
-2.010777267317213557e+01
-1.793345246820511818e+01
-1.684576485057343476e+01
-1.583926832600755219e+01
-1.391846867383420872e+01
-1.120404299821250760e+01
-8.012631775242754273e+00
-4.515239619460897913e+00
-1.366640170765786699e+00
1.034793358507321459e+00
8.061944417943680552e-01
-9.240449330725049037e-01
-1.779451444049162889e+00
-1.313345642608687358e+00
-2.980961027184804157e-01
9.094906401542387497e-01
2.253665021731987572e+00
3.865620839622891491e+00
5.459673850052668698e+00
6.673811305179869535e+00
6.712608393227874615e+00
7.129969954793581977e+00
8.751191428846100351e+00
1.053226894477079867e+01
1.087507323886745247e+01
1.094949735124345302e+01
1.178216529900597997e+01
1.250021707610500421e+01
1.101788531160362616e+01
6.709835241935504513e+00
3.882956543572102071e+00
5.471994911116023985e+00
8.214447205053424739e+00
8.884739542962508452e+00
6.509399583573021175e+00
2.764904875805073825e+00
1.832843546354428366e+00
3.489613300170379073e+00
4.538151299213699197e+00
2.250783243327753258e+00
-2.965403706330194122e+00
-6.382903756065135603e+00
-6.416326956045074859e+00
-4.365793509989082111e+00
-3.699553486212767250e+00
-5.612205171400097115e+00
-9.131498450579996984e+00
-1.234357285060673171e+01
-1.430106945772578264e+01
-1.544779386365169316e+01
-1.730754866810081083e+01
-1.951384776488213646e+01
-2.146013514217132823e+01
-2.203040133830903358e+01
-2.198469677742345496e+01
-2.174464572214499825e+01
-2.246359310261740916e+01
-2.380506143476832293e+01
-2.569855749658376354e+01
-2.774442732230193087e+01
-2.919968617510814468e+01
-2.969150208556336068e+01
-2.945665443660830007e+01
-2.954209093986267476e+01
-3.032560112069043257e+01
-3.140122743192544874e+01
-3.200078942287330364e+01
-3.196618511904786786e+01
-3.228120206282840599e+01
-3.306523425551120710e+01
-3.408933734595925102e+01
-3.471017566687357458e+01
-3.502339723117358261e+01
-3.554049550646608679e+01
-3.667553122817238886e+01
-3.799708118809692792e+01
-3.952138315289359838e+01
-4.063687706421433887e+01
-4.112716425348029503e+01
-4.162293945027518305e+01
-4.231468772327000494e+01
-4.308069353643949739e+01
-4.352149879656095521e+01
-4.365219568670792682e+01
-4.400033674183223553e+01
-4.458185803377473633e+01
-4.484847800872243795e+01
-4.471483743017720514e+01
-4.479236924522940910e+01
-4.474219901228691754e+01
-4.475398586356081410e+01
-4.425766287110554487e+01
-4.335388333986177400e+01
-4.260668016112383327e+01
-4.207941320020611187e+01
-4.112746788675017484e+01
-3.957190382344899859e+01
-3.689087389808661044e+01
-3.613753172482607567e+01
-3.891434988817202623e+01
-3.960516722194810058e+01
-3.815139559640456213e+01
-3.575064538800757674e+01
-3.402893755640472762e+01
-3.329644053047448438e+01
-3.270987533937234559e+01
-3.215307712246736571e+01
-3.274462163524849956e+01
-3.563995469334534505e+01
-4.057530925499860075e+01
-4.212762390109970312e+01
-3.764901535381672204e+01
-2.944643115016952706e+01
-2.329705278711762517e+01
-2.243232143492855002e+01
-2.508147161592481567e+01
-2.828026861884950449e+01
-2.823736485063159307e+01
-2.585905824000936448e+01
-2.261818095611184987e+01
-2.035616382839349114e+01
-1.951673620661721031e+01
-1.889318573525854106e+01
-1.605758445512555355e+01
-1.257830797005011547e+01
-9.691511033307158129e+00
-8.188724664940732367e+00
-6.809569481252195189e+00
-4.440324020004893235e+00
-7.835502976029906641e-01
4.574064304385949242e+00
9.179588960665503450e+00
1.316115188052714657e+01
1.560825052640905497e+01
1.807233798563828131e+01
2.065035340378774720e+01
2.370314941525710850e+01
2.674035895025791021e+01
2.928536628579658085e+01
3.201623399034566120e+01
3.510774030400904877e+01
3.856989600243272776e+01
4.228381222295913489e+01
4.563659585132063512e+01
4.848829983580061764e+01
5.107240783067754819e+01
5.402619649550047853e+01
5.746286869871899938e+01
6.091500105216255179e+01
6.371305144715010726e+01
6.497420261564850819e+01
6.691212581626353995e+01
6.886223102694489739e+01
7.027588402246385613e+01
7.181121183538485298e+01
7.257641956286090590e+01
7.255566026217248066e+01
7.194797909384574552e+01
7.108997069079892128e+01
7.123611034665783848e+01
7.250110992464749415e+01
7.304689344178792965e+01
7.235850137983004515e+01
7.115947066479184002e+01
6.982015004022558458e+01
6.867600569965004809e+01
6.729891545199664904e+01
6.594663583037612398e+01
6.472424849212892184e+01
6.367013368219381420e+01
6.312591115902538519e+01
6.266545767422909563e+01
6.121012595509733245e+01
5.892546272157591858e+01
5.628936101123368729e+01
5.436037136714307394e+01
5.282158683662535026e+01
5.113123547673095715e+01
4.905394268517685674e+01
4.630344128618308019e+01
4.375771235214597965e+01
4.167262982402206717e+01
3.917504306276317294e+01
3.577828139843300903e+01
3.256692286215467647e+01
3.021425915973363630e+01
2.952240088547852537e+01
2.933539570744878233e+01
2.828632094834447130e+01
2.577100370166207810e+01
2.280443880771583665e+01
2.134628847073496161e+01
2.046194793518137445e+01
1.859497554193776381e+01
1.441190295171321267e+01
9.258110916054608452e+00
5.240387372731871274e+00
3.102448827464397763e+00
1.334736725142873892e+00
-1.138586289453950462e+00
-4.184419019706009379e+00
-7.199979381825048819e+00
-9.237443199311767827e+00
-1.038552648285956259e+01
-1.146332622955335090e+01
-1.227163391565521700e+01
-1.396482509523619342e+01
-1.658891490267350477e+01
-1.926814115596765475e+01
-2.138423121704619945e+01
-2.301866553631351664e+01
-2.478613301359684584e+01
-2.678765196854646646e+01
-2.847321579140920278e+01
-2.908225742866412133e+01
-2.929733617869506546e+01
-3.003068386086511410e+01
-3.189727782994318162e+01
-3.412289248693235777e+01
-3.577985980363556706e+01
-3.661609578704320000e+01
-3.710449023781736599e+01
-3.810408856161895130e+01
-3.916545445806504944e+01
-4.008919082976397164e+01
-4.073531909660596995e+01
-4.146779180936405851e+01
-4.234033633934918583e+01
-4.341419801952407909e+01
-4.446449584271462641e+01
-4.525046551144727403e+01
-4.546922855281889042e+01
-4.559028973320128131e+01
-4.577675755709576322e+01
-4.607722250718077106e+01
-4.635512092546094465e+01
-4.635675942867473509e+01
-4.612129499226981011e+01
-4.578605828757154228e+01
-4.514753124058595546e+01
-4.382859246611004522e+01
-4.172066719802785428e+01
-3.843436114310310359e+01
-3.464302177747281064e+01
-3.055582081947268946e+01
-2.682011176602942371e+01
-2.247194288945461338e+01
-1.793413524414151894e+01
-1.321870924968966499e+01
-7.410425190293040920e+00
-6.522289821944612376e-01
5.052374036030005122e+00
9.508121459448348745e+00
1.373642505684076909e+01
1.859239900216812202e+01
2.400559427126733070e+01
2.939927377837358335e+01
3.545790385950564172e+01
4.125000713080545012e+01
4.654384266958413008e+01
5.198883727765888096e+01
5.637687579214029654e+01
5.997683091737695094e+01
6.461481334678357769e+01
7.003316048375548064e+01
7.729783141193956908e+01
8.456631607695064190e+01
8.814500226205706213e+01
8.850919538780600249e+01
8.903247541622056360e+01
9.118877308755739364e+01
9.276396967431229257e+01
9.140893835686884472e+01
8.793086685781959488e+01
8.631886334004200023e+01
8.677517637058768685e+01
9.003109064953801521e+01
9.158123353475897943e+01
8.900917078840868157e+01
8.405800284233299635e+01
7.890685000209295197e+01
7.432557661787788561e+01
7.061634810273602625e+01
6.731887492719808108e+01
6.452990368771965279e+01
6.295519253861210274e+01
6.227390260214164641e+01
6.172454152916106551e+01
6.124943873442392572e+01
6.143294355671264384e+01
6.193827498902933826e+01
6.206823499457694737e+01
6.195522115080935066e+01
6.134651909731248054e+01
6.072695092427345287e+01
6.057699660960560806e+01
6.024092449033543062e+01
5.954610103141317978e+01
5.837653157585216945e+01
5.680877558621242684e+01
5.521086039039192173e+01
5.359718699675212150e+01
5.115834543855019945e+01
4.753351540849627099e+01
4.363342442280532651e+01
4.056827540659377007e+01
3.701210219268618573e+01
3.323558431725730600e+01
2.918473182079334194e+01
2.549343796956216224e+01
2.192545748869435585e+01
1.849880001817997055e+01
1.509475945425179155e+01
1.182230535234518065e+01
8.915741645052722930e+00
6.114603843369032177e+00
3.794227157854494159e+00
1.471581368752134189e+00
-5.763803911075808806e-01
-2.892927557513563119e+00
-5.044651612704157628e+00
-7.435740491592602197e+00
-9.784890650861159500e+00
-1.178008736075011775e+01
-1.310212121172349597e+01
-1.397894373253913258e+01
-1.470494803472621825e+01
-1.594414836106971478e+01
-1.790495909638996963e+01
-2.014467384377340764e+01
-2.238930232790497854e+01
-2.459935274016753226e+01
-2.682305116114597965e+01
-2.916137196816529098e+01
-3.073931118909355575e+01
-3.173384043620423611e+01
-3.208838222270706808e+01
-3.226980661942817363e+01
-3.248928461949302005e+01
-3.319924593331274565e+01
-3.374962098353254447e+01
-3.425023323464790792e+01
-3.510130707545828699e+01
-3.641115897378686839e+01
-3.782697061714808484e+01
-3.891865238676603411e+01
-3.987855116036461567e+01
-4.069939458625658801e+01
-4.127812652946956717e+01
-4.101861592472104689e+01
-3.965125660757509252e+01
-3.727822088157551406e+01
-3.540635856560182759e+01
-3.460979957462183165e+01
-3.506507058842036173e+01
-3.468260254395124065e+01
-3.188654493420244052e+01
-2.792351404130107184e+01
-2.616554429498798839e+01
-2.886046054542965678e+01
-3.328224409430770692e+01
-3.543065036100785647e+01
-3.362863656582378269e+01
-3.069123105084346648e+01
-3.010707249569826516e+01
-3.219755403860205689e+01
-3.526070547565625191e+01
-3.704851242638851971e+01
-3.705654397516770615e+01
-3.696971310976535818e+01
-3.841475503527985325e+01
-4.151821585484004373e+01
-4.403405171060967405e+01
-4.395593441794397904e+01
-4.167659605996352923e+01
-3.986168329546570988e+01
-3.986541571611235923e+01
-4.068311969527360361e+01
-3.989330795970175103e+01
-3.633618697552403631e+01
-3.211562319340494298e+01
-3.009062287530236190e+01
-3.053934790194768567e+01
-3.284521066443044646e+01
-3.433673071538152044e+01
-3.364445149005700131e+01
-3.235363596853147072e+01
-3.096811793769393617e+01
-2.969873472042435836e+01
-2.791298116703575971e+01
-2.556695690867301707e+01
-2.256793089720089540e+01
-1.916865705134004472e+01
-1.643240192823003198e+01
-1.464025299437772176e+01
-1.289910504432693550e+01
-1.043614015455214528e+01
-7.934585885063849098e+00
-5.850665114644758802e+00
-4.033552810243921982e+00
-2.930333869056946927e+00
-3.001087322644583999e+00
-3.865931397628926902e+00
-4.599034318080564177e+00
-5.141493069404847738e+00
-5.315289846048285582e+00
