-2.334612937084129314e+01
-2.360297528343081552e+01
-2.409717266694718774e+01
-2.467023432958822582e+01
-2.575051876526222827e+01
-2.643747861437244140e+01
-2.735226784363055685e+01
-2.872518608871683199e+01
-2.995203357527681476e+01
-3.157627177113663919e+01
-3.315769568719835547e+01
-3.437273590383555444e+01
-3.494248134177424703e+01
-3.512791780357481741e+01
-3.541751079561849025e+01
-3.649082329355204024e+01
-3.772533902279937479e+01
-3.923480941070836536e+01
-4.050485563765609953e+01
-4.071067181587682882e+01
-4.101060331370281631e+01
-4.174310263514929176e+01
-4.346998100903524431e+01
-4.487228110891952326e+01
-4.606643668262588420e+01
-4.752632279442931917e+01
-4.884913280034425753e+01
-4.997453215277405292e+01
-5.112071906676509059e+01
-5.212226636401593538e+01
-5.248241347379094890e+01
-5.209747882879700143e+01
-5.108470678303405066e+01
-5.004524877400330496e+01
-4.863383223105505238e+01
-4.740451339777514050e+01
-4.539642816962128080e+01
-4.102164282270086915e+01
-3.419237646606967473e+01
-2.797130765975113320e+01
-2.416800877736670827e+01
-2.186852383630921182e+01
-1.995877378449321071e+01
-1.730650520600923770e+01
-1.441220550510627696e+01
-1.233754048064527709e+01
-1.114335047818092761e+01
-1.028775013901313429e+01
-9.412416093114432059e+00
-8.365844569447110857e+00
-6.699966823320267828e+00
-5.690515405961749984e+00
-5.468529806396515980e+00
-4.974478207318764333e+00
-5.129122654052278740e+00
-5.118343703190175731e+00
-4.814767500500385822e+00
-5.347478778270073008e+00
-5.044414312252114563e+00
-3.505904230730744420e+00
-1.904959008644705021e+00
1.336104802765006316e-01
1.987548516554800582e+00
3.906443365226954789e+00
6.684828898033186917e+00
9.486380327945900248e+00
1.133137971323755089e+01
1.236325449836118651e+01
1.386651877904724195e+01
1.540177802084740222e+01
1.687157773652965176e+01
1.691903212768656672e+01
1.586230432162176562e+01
1.570334808272774474e+01
1.618265137356021910e+01
1.736048710994149502e+01
1.844245330811034123e+01
1.883125596842793570e+01
1.861416805212062897e+01
1.833823908126551316e+01
1.880910343992719547e+01
2.045119219151877488e+01
2.046919001695269102e+01
2.041996005812583803e+01
2.030844050154178149e+01
1.996257083810456123e+01
1.890247560108016955e+01
1.731842116720462954e+01
1.551650575288395650e+01
1.372755185354587582e+01
1.187106668795257391e+01
9.987062489718033120e+00
7.418289294270191903e+00
4.797234094279591687e+00
2.253639436413296782e+00
-1.269281291618056806e-01
-1.862524521219875773e+00
-3.253475621878675561e+00
-4.485413853529708561e+00
-6.400453442107107982e+00
-8.854788052564906309e+00
-1.168037893824634388e+01
-1.460476027290500056e+01
-1.688781645711319968e+01
-1.862998924816044166e+01
-2.052685685928545212e+01
-2.314944553533749172e+01
-2.578142720868468274e+01
-2.752543078690407441e+01
-2.917447652473262565e+01
-3.064885210889952916e+01
-3.150666316278712742e+01
-3.241543240846264951e+01
-3.326641597879001466e+01
-3.447413308469556625e+01
-3.585730549891214736e+01
-3.773062298988392627e+01
-3.942630208909996270e+01
-4.081047788546437260e+01
-4.223739252623200713e+01
-4.372366913234216668e+01
-4.477798633891980984e+01
-4.564292993674395404e+01
-4.640872975330856320e+01
-4.614032837195119896e+01
-4.493576861603075656e+01
-4.439944182679493423e+01
-4.497982580224331883e+01
-4.491991512172759826e+01
-4.443436094862290986e+01
-4.593280673005098436e+01
-4.630416207546540619e+01
-4.698443949638327410e+01
-4.738995339874841761e+01
-4.735547046485651634e+01
-4.735803959753299353e+01
-4.657657601376554624e+01
-4.630179289776939555e+01
-4.658285321021968173e+01
-4.548755828753498065e+01
-4.324759937496632034e+01
-4.081507368182558082e+01
-3.718764974358654030e+01
-3.653515150072286133e+01
-3.684104871450390561e+01
-3.665260435885451784e+01
-3.587672360581061781e+01
-3.508802801903157587e+01
-3.370823637768923220e+01
-3.140602875609147659e+01
-3.021308884758262536e+01
-2.868375443875272168e+01
-2.731108323362778378e+01
-2.632224922332413186e+01
-2.558422285542888375e+01
-2.599651733739101900e+01
-2.506218792987986532e+01
-2.392471619512076586e+01
-2.158575253307573405e+01
-2.000939827195149689e+01
-1.865540639624049390e+01
-1.802344413165500470e+01
-1.709632453611402880e+01
-1.627798565154316535e+01
-1.469885745684817913e+01
-1.187040408532485714e+01
-5.809118243801658643e+00
2.105993032166894263e+00
7.428775930114356996e+00
9.083960283604447739e+00
1.010183670035834425e+01
1.136009603908355459e+01
1.459726432880917812e+01
1.864944994228631003e+01
2.127091550011233778e+01
2.205810614061094910e+01
2.161616577900074887e+01
2.128118686310928709e+01
2.284250378678865800e+01
2.600488480494224319e+01
3.098057666166474178e+01
3.671591203063697151e+01
4.284032037745603105e+01
4.653604575893687212e+01
4.808629676362595973e+01
4.910918621955791252e+01
5.027074661374127373e+01
5.186237188240892237e+01
5.331892649224357683e+01
5.407541711743477464e+01
5.357707105959560323e+01
5.207978049924234654e+01
5.081143948412481848e+01
4.874000902150310566e+01
4.836487437560780478e+01
4.759625797911969869e+01
4.681465446275778675e+01
4.603888790227638594e+01
4.490953722504398371e+01
4.355748285938801700e+01
4.173639009779317632e+01
3.998921991874305348e+01
3.824988601181851777e+01
3.734348523774767159e+01
3.590808862465890172e+01
3.381224491238058505e+01
3.113126056874892811e+01
2.801896905697599038e+01
2.522178608532282240e+01
2.216878610933297722e+01
1.872861408753988144e+01
1.470369536173062031e+01
1.130302214646621906e+01
7.988899371274897909e+00
5.061705015682868236e+00
3.147928862905962077e+00
1.404141172712964014e+00
-5.783430064628268807e-01
-3.443302425391982169e+00
-6.249375914405022492e+00
-8.341266171538430640e+00
-1.049670097499665999e+01
-1.257161054787793830e+01
-1.452364867021974248e+01
-1.658801786366748843e+01
-1.803897147546862811e+01
-1.891681927308858491e+01
-1.983833749293726001e+01
-2.161912189287376052e+01
-2.325745420745314718e+01
-2.425737550778896789e+01
-2.447298125512361011e+01
-2.472363258544493547e+01
-2.562352624021942304e+01
-2.687862851189474966e+01
-2.766633397695766661e+01
-2.872076908442798882e+01
-2.952307708208704895e+01
-3.069821182040467633e+01
-3.208014591369834534e+01
-3.320592219329278549e+01
-3.350050058721633661e+01
-3.320438956161526534e+01
-3.289500672782948243e+01
-3.282800796883911687e+01
-3.301054625036414336e+01
-3.337904529380892882e+01
-3.364038015990602304e+01
-3.429887352252654154e+01
-3.524358519226743880e+01
-3.561660720014955928e+01
-3.655776985903827381e+01
-3.472142756481540715e+01
-3.355892050605546473e+01
-3.203935203432322254e+01
-3.032569967642219311e+01
-2.915574699311659401e+01
-2.736364232686161913e+01
-2.462628414612023775e+01
-2.253070659495098838e+01
-2.165424065375080787e+01
-2.088703553984016636e+01
-2.024987228804151584e+01
-1.924296682484640542e+01
-1.786031828242145281e+01
-1.673108962734244543e+01
-1.308437171249283715e+01
-9.490347631409466800e+00
-7.222377280900632357e+00
-5.866477706599467545e+00
-5.014794171170158243e+00
-4.415168103839269165e+00
-4.555059824121144629e+00
-3.932776375122439383e+00
-2.339933664476054886e+00
-5.864438960760377517e-01
1.614451620849009839e+00
2.691698747493010746e+00
2.052265071370094507e+00
1.404192425522777343e+00
1.073653706282743592e+00
3.549424227568557022e+00
4.439143627434744666e+00
4.654973459311888107e+00
4.372869281570093136e+00
4.454761602727788095e+00
4.660222943150141184e+00
5.633016300214424454e+00
6.040929751081163701e+00
6.538487686385410669e+00
8.422979896574934955e+00
1.205107537786155270e+01
1.515313765635193377e+01
1.656997134090105916e+01
1.730197164497527140e+01
1.932331648376728950e+01
2.091968204714584445e+01
2.291194461512667857e+01
2.312977743260783470e+01
2.344630906091271072e+01
2.421729057850076927e+01
2.529675230536651398e+01
2.581580154803331695e+01
2.580850255775486346e+01
2.486104489643048865e+01
2.610870257092947000e+01
2.604005419723543469e+01
2.839447962081762000e+01
3.039435298046437239e+01
3.069074271561824929e+01
2.823179233563147861e+01
2.387303168231653672e+01
2.243724643744271674e+01
2.312776715387677129e+01
2.511309242844424361e+01
2.537293906879497385e+01
2.473536285484176744e+01
2.372855853128895021e+01
2.413627655814066486e+01
2.407868841338850885e+01
2.424944908979279035e+01
2.380181891758366319e+01
2.373376300025718777e+01
2.253322464032379813e+01
2.094706903614926219e+01
1.936016765017858177e+01
1.732040821788676155e+01
1.531844297392620824e+01
1.378248140072473227e+01
1.145947340427480832e+01
9.087654377337969436e+00
6.758674932512344746e+00
4.924449442318497461e+00
3.401383212191635863e+00
1.681478771958315521e+00
4.051831087015946853e-01
-1.137450427384094631e+00
-1.734522302422857543e+00
-2.156128265221707085e+00
-2.994813148442381667e+00
-4.523583164965310210e+00
-6.130692069212066109e+00
-7.174916700315379536e+00
-8.344463499970201426e+00
-1.036718099951360905e+01
-1.244214965541689288e+01
-1.422588542420668922e+01
-1.541258334203855185e+01
-1.605559975830523101e+01
-1.658507437739136137e+01
-1.752324520781470341e+01
-1.857175969413003713e+01
-1.928638614029060960e+01
-2.011391346486712806e+01
-2.136128307586199071e+01
-2.293173839558505733e+01
-2.479858304536378100e+01
-2.664175735993771355e+01
-2.903817183223044296e+01
-3.158773954936273043e+01
-3.292609613770993349e+01
-3.334584867801354591e+01
-3.388938327334351897e+01
-3.473720136432019245e+01
-3.599590006215328941e+01
-3.677481488393774356e+01
-3.728224635959860933e+01
-3.713056859064239035e+01
-3.694302274743778014e+01
-3.676019737088083161e+01
-3.569276488909715539e+01
-3.365347435768689621e+01
-3.090338526734820590e+01
-2.864599653422629899e+01
-2.661300858287351190e+01
-2.399446555033489403e+01
-1.950190128973373760e+01
-1.632132178629793273e+01
-1.356269142904465852e+01
-9.212259160301377037e+00
-4.311571241122489795e+00
-6.878366744002961664e-01
1.669941854839557038e+00
2.809883217547182621e+00
3.210893051519531305e+00
3.670263911631202802e+00
4.364505057232418217e+00
3.851642229390963124e+00
1.513776583563684497e+00
-2.587774660085883749e+00
-6.495128281211532517e+00
-7.114899235074100936e+00
-3.873633775077415464e+00
-4.943305889941695952e-01
1.727844380409634395e+00
6.075314343322190780e+00
1.188971075009267153e+01
1.847565895874639352e+01
2.438703930071130088e+01
2.780485462562071319e+01
3.095846489053921502e+01
3.522456108062029045e+01
3.887188001503054835e+01
4.098125580099016929e+01
4.279312156900524400e+01
4.536573029882961094e+01
4.955805201451287445e+01
5.455862255587484810e+01
5.944102392278605151e+01
6.475223818542346521e+01
6.838437953702604943e+01
7.047441075172415026e+01
7.000483779594677003e+01
7.015013438878821717e+01
7.301708952064548441e+01
7.867115491926213622e+01
8.291763545164202753e+01
8.439990948781586155e+01
8.452277709337658962e+01
8.553950294157291978e+01
8.795065944280381132e+01
9.209554750305200344e+01
9.400112349445033999e+01
9.572832127575334482e+01
9.704200350263069197e+01
9.724038920593555702e+01
9.627067545618777444e+01
9.487046325694603865e+01
9.458333383543414641e+01
9.438103112763789682e+01
9.296831286117065929e+01
9.098352607151117866e+01
8.866537780312928874e+01
8.655584165558700249e+01
8.365379553632615739e+01
8.090516928177440548e+01
7.680213336876002472e+01
7.383893598658166013e+01
7.122573307672431042e+01
6.843081640233472740e+01
6.405053118944248070e+01
5.768232707772764911e+01
5.200879119947792617e+01
4.890016869970200020e+01
4.712420246421961423e+01
4.619493853699258779e+01
4.532322597117507001e+01
4.439583246791159610e+01
4.273082745015450001e+01
4.057661711045110309e+01
3.924276562904267962e+01
3.769147824933637025e+01
3.641854334582895092e+01
3.491679287740056736e+01
3.332048956917102345e+01
3.123529211540315131e+01
2.872819958982958610e+01
2.534867542487111081e+01
2.199502797332473847e+01
1.883361556382121549e+01
1.624084171563730550e+01
1.374290753234186191e+01
1.169665189968293895e+01
9.549917725826764681e+00
7.150807612561431270e+00
4.422050258374511600e+00
1.743021236558766507e+00
-3.297954191695202653e-01
-2.202936414813356336e+00
-3.430371483226355878e+00
-4.532507051911922602e+00
-5.493387248209239182e+00
-6.379487157270597564e+00
-7.696834064427108935e+00
-9.737926850377647270e+00
-1.249542945885811740e+01
-1.520342051334715805e+01
-1.748582763439229382e+01
-1.931919158275671933e+01
-2.074052369556555320e+01
-2.220723588107052038e+01
-2.336107891455465335e+01
-2.454621395875719614e+01
-2.584999542107271964e+01
-2.741160129739625262e+01
-2.898110040683866018e+01
-2.996634019174023678e+01
-3.063176165761440473e+01
-3.142483444556616945e+01
-3.266544493192218113e+01
-3.455801459665489972e+01
-3.664190011107709211e+01
-3.854901662745533741e+01
-3.975027977597605400e+01
-4.006831250246619902e+01
-3.981247806776202225e+01
-3.932678322099309298e+01
-3.837103185961006346e+01
-3.685611096614553617e+01
