3.961822992836310675e+01
4.006889545546597731e+01
3.971314009866568284e+01
3.898759318760438930e+01
3.808176570660161531e+01
3.721339566833988499e+01
3.624522839638242289e+01
3.527911696939488451e+01
3.420892598623396452e+01
3.272655983772045118e+01
3.113757985251441696e+01
3.000202117774636434e+01
2.899990266389242066e+01
2.768921087506570444e+01
2.631659833044760433e+01
2.449552470378755231e+01
2.231788252878639511e+01
1.963602539476730513e+01
1.694526539305350354e+01
1.466599861549563322e+01
1.322791890846254503e+01
1.203208433485475659e+01
1.052367224509154120e+01
8.923617602246885383e+00
6.967766686340338467e+00
5.174706742742128718e+00
3.338797938739084259e+00
2.056775669214031765e+00
3.571919562664014336e-01
-1.598310628582856108e+00
-3.299712650330026253e+00
-4.296464750091172569e+00
-5.498107343071310993e+00
-6.904968071768287530e+00
-8.609762304871830807e+00
-1.089694151093691232e+01
-1.255319046899505864e+01
-1.389613672975479020e+01
-1.506301958429292576e+01
-1.650258391807699354e+01
-1.738783702524624886e+01
-1.762258199394887370e+01
-1.798060175186260423e+01
-1.867664022966788551e+01
-1.950245481197235620e+01
-2.042344722954184277e+01
-2.113922788860589108e+01
-2.172646473874283402e+01
-2.217938331288528531e+01
-2.245549648298114676e+01
-2.263138123043987804e+01
-2.287352930212585989e+01
-2.312619396357595036e+01
-2.347507016352185971e+01
-2.381711913442660489e+01
-2.428828753624667414e+01
-2.467026036742288042e+01
-2.502133638297067719e+01
-2.536363789446464168e+01
-2.557947272008887651e+01
-2.572955644999596103e+01
-2.615570323217273341e+01
-2.658709496230249769e+01
-2.681956824288051422e+01
-2.717695933594379554e+01
-2.715647189861433475e+01
-2.649616536097607167e+01
-2.471091139140261461e+01
-2.126692775531283885e+01
-1.593865629483670254e+01
-1.096513613980382829e+01
-7.077773434347012227e+00
-4.023759941683663577e+00
-5.527810711431626611e-01
3.588740327657133022e+00
7.379380152886155564e+00
1.030105147693205403e+01
1.198992794055750544e+01
1.293533697915750125e+01
1.459946820950116475e+01
1.701875101944312974e+01
2.012216436045966361e+01
2.338390551137890228e+01
2.645439332221946671e+01
2.884270457479814453e+01
3.124044532613893566e+01
3.379797366996778862e+01
3.664447191588315178e+01
3.860398640993727781e+01
4.160754173918248000e+01
4.469310905740987749e+01
4.722492197398995017e+01
4.998981908994902312e+01
5.306188772665834108e+01
5.685295513401113254e+01
5.976801379007501680e+01
6.134676427752641104e+01
6.246369816405336195e+01
6.410022830014473527e+01
6.609386988589911027e+01
6.756148058143106994e+01
6.812556277988987574e+01
6.742573145891265085e+01
6.616037903253825903e+01
6.469426570907896235e+01
6.304902269566588302e+01
6.129215384980260950e+01
5.975664045129628477e+01
5.865762287796550112e+01
5.741717414604221403e+01
5.598922348794133086e+01
5.390006550984521283e+01
5.111225489489800111e+01
4.775843585099707411e+01
4.352241349286593675e+01
3.912553382281048897e+01
3.482189917105894494e+01
3.022544245554621156e+01
2.635237015236986835e+01
2.308436181266226228e+01
2.009634661261932465e+01
1.722831557176968431e+01
1.437271067414639703e+01
1.138587890030836292e+01
8.729537792662158679e+00
6.402191882026350811e+00
4.483259380598080490e+00
2.692302328690999502e+00
1.272594700845178117e+00
1.067688992801978931e-01
-9.328450049669314570e-01
-2.502814281045524503e+00
-4.332649589620154451e+00
-5.820654851108217009e+00
-6.927653268388822561e+00
-7.900565315777149600e+00
-9.091335759194137722e+00
-1.024890845394360284e+01
-1.131381051546173744e+01
-1.209128412925072737e+01
-1.290791608925521494e+01
-1.394767829937235604e+01
-1.503815912687252876e+01
-1.612862068235922308e+01
-1.694314908434721900e+01
-1.731696769400409153e+01
-1.730260698943122222e+01
-1.741914774688072853e+01
-1.790023638228603176e+01
-1.842462798373207278e+01
-1.884511770579530321e+01
-1.977656513002872529e+01
-2.083740672882225553e+01
-2.209408458918768758e+01
-2.352571904238786260e+01
-2.474395920560349182e+01
-2.590753302772110445e+01
-2.665931239335064262e+01
-2.726929964660227768e+01
-2.759569843162936920e+01
-2.754008624215711976e+01
-2.772537148838355137e+01
-2.826386831731940319e+01
-2.880021754993424210e+01
-2.922447703291951981e+01
-2.935044111805670042e+01
-2.921242990978446841e+01
-2.888703842202826166e+01
-2.845408818987317190e+01
-2.872731647355735163e+01
-2.900284550175737763e+01
-2.841961612808382043e+01
-2.676860741379083564e+01
-2.466804720114788196e+01
-2.211727695769298307e+01
-1.944931386432359943e+01
-1.733398474161593228e+01
-1.550987208071815360e+01
-1.404265498369969656e+01
-1.164031354443723743e+01
-9.163060254491663059e+00
-7.752672854285353132e+00
-6.634222990412107279e+00
-4.685541577495102139e+00
-2.656840358624640519e+00
-8.255586836490129699e-01
9.273055095500639666e-01
2.052895838723978184e+00
2.271344797825333828e+00
2.901823868740767587e+00
4.114010465612933487e+00
4.404295450539623680e+00
4.644952990800564230e+00
6.346609946512510980e+00
8.778957465933252990e+00
1.226930832444483777e+01
1.512548632551115624e+01
1.701620145935063988e+01
1.850787188666788197e+01
1.963886270199866146e+01
2.106516297466656695e+01
2.253178029172895336e+01
2.322583458520330524e+01
2.387430792401982416e+01
2.399496845572971182e+01
2.400069341564454817e+01
2.344506522138007298e+01
2.218898718706327955e+01
1.984353820630219545e+01
1.636147578670462721e+01
1.304641075989003340e+01
9.789555941322342747e+00
6.624008164263469389e+00
4.271009143681070874e+00
2.341738987115800974e+00
3.430747166139658799e-01
-1.341955917610149651e+00
-3.613799670994773283e+00
-6.134833121932722122e+00
-8.545031170667549247e+00
-1.088356829139933168e+01
-1.314659713756675252e+01
-1.486119066027100821e+01
-1.596130206733121959e+01
-1.656224809930582254e+01
-1.730155673149080187e+01
-1.849534933574965834e+01
-1.984099330371538983e+01
-2.114518954163668241e+01
-2.198575786388891729e+01
-2.272258827162594486e+01
-2.379420878123162808e+01
-2.481998590003162164e+01
-2.578363951574734259e+01
-2.659648918098548620e+01
-2.733987875192219619e+01
-2.802698212493379870e+01
-2.874291505304914551e+01
-2.939544772891043678e+01
-2.976433275892520669e+01
-3.013175604334893620e+01
-3.042320812978326572e+01
-3.058574358497251566e+01
-3.085991555839703082e+01
-3.092801618396721608e+01
-3.053119397503180110e+01
-2.989765823646526499e+01
-2.878308515635166742e+01
-2.740696542187621887e+01
-2.602778810749543581e+01
-2.485607925510879213e+01
-2.363625239090446684e+01
-2.212423450786993939e+01
-2.087128490368377953e+01
-2.063125322315357835e+01
-2.058902820702740755e+01
-2.007222701727394210e+01
-1.942508387079979926e+01
-1.846269879798316893e+01
-1.759269991965897262e+01
-1.608219495498453711e+01
-1.450234676262390110e+01
-1.282416653056069222e+01
-1.037775580482856697e+01
-7.193803627070946227e+00
-4.623082446756821007e+00
-2.740007001466937986e+00
-7.738246205249520449e-01
4.184368495264950139e-01
1.937952717102054967e+00
3.158573779081137900e+00
4.073108440966817234e+00
5.295933941394554978e+00
6.779122221225358125e+00
8.018992029037768532e+00
9.017175896455015049e+00
1.002083610666572788e+01
1.095076138016136724e+01
1.221640809442960851e+01
1.370239437405008154e+01
1.459961950560098032e+01
1.488656299092826174e+01
1.496979705719698117e+01
1.510764513259943342e+01
1.507144508679736106e+01
1.508780544847108729e+01
1.503488040784708524e+01
1.474986014274606561e+01
1.407460666718570330e+01
1.300601124039669010e+01
1.130258644204467977e+01
9.498574541542044614e+00
7.751690621327524511e+00
6.775596940378408206e+00
5.028396299316181484e+00
2.949891719326608541e+00
1.002023964494434649e+00
-1.088296022579966493e+00
-3.003863498578330127e+00
-4.466467874132677096e+00
-6.035318743014679299e+00
-7.440203514544922569e+00
-8.601023993391727629e+00
-1.004147036651261082e+01
-1.130896082021967253e+01
-1.301166007821390203e+01
-1.455455028198968037e+01
-1.589619695435457025e+01
-1.729582614028591081e+01
-1.869232921191485630e+01
-1.994281908384545332e+01
-2.111532290824356650e+01
-2.210185594389106001e+01
-2.294118697880790947e+01
-2.398201597190003653e+01
-2.472961235541329827e+01
-2.499358515278287740e+01
-2.559864641096228866e+01
-2.645629844441588929e+01
-2.705107047154645628e+01
-2.741517166168803499e+01
-2.764758621767785129e+01
-2.764313866483153248e+01
-2.756226886404467891e+01
-2.709201619654218263e+01
-2.583151839821043438e+01
-2.291764282266738562e+01
-1.849342091384932374e+01
-1.379890490480604726e+01
-1.009046985743696645e+01
-7.772597671300061073e+00
-6.450572445310400305e+00
-5.374778617524128776e+00
-6.002070247258933122e+00
-7.500624595914031190e+00
-8.541752926138398649e+00
-7.895371111104734219e+00
-5.664719956516915289e+00
-3.540472478936277589e+00
-1.474922476961945561e+00
-7.430447804731039607e-01
-4.070390453858911961e-01
-4.268435465018763364e-01
-3.638700113230108335e-01
4.067780083022127235e-01
1.395058059818780061e+00
2.332944443559975767e+00
2.994176484988825493e+00
3.986677430584955495e+00
5.253325327575992354e+00
5.980289844066071225e+00
6.552064495583744375e+00
7.758024703277326850e+00
9.580504254463502178e+00
1.178261409750180633e+01
1.370631586833021487e+01
1.575114157472846799e+01
1.763849491588854690e+01
1.913698382843594814e+01
2.087778244946542472e+01
2.307865797379269068e+01
2.545455447117091552e+01
2.767215183105993148e+01
2.914270231643813247e+01
2.994400935674980246e+01
3.078441657819358568e+01
3.159988471195210025e+01
3.216058453049420507e+01
3.219000314139341157e+01
3.192480671152997118e+01
3.134097087085485001e+01
3.067100817382347344e+01
2.975963255871344160e+01
2.847535030242389453e+01
2.714180987332839834e+01
2.627963041067053851e+01
2.517057139470569638e+01
2.365508105243319648e+01
2.197567193254860385e+01
2.082577921901317453e+01
2.018441740445430455e+01
1.698598576974714902e+01
1.259318500113159622e+01
9.631843589474376799e+00
7.894320735511199061e+00
6.884566626643903398e+00
6.213863752875189661e+00
4.989873025191590372e+00
3.474988007484010044e+00
1.582755820953331227e+00
-1.251213714052382964e-01
-2.471468817123199990e+00
-5.572875839177322987e+00
-8.319927740354479795e+00
-1.017152329767170293e+01
-1.112823329466390909e+01
-1.163543050513671950e+01
-1.196191968878507339e+01
-1.216350965331836065e+01
-1.304170674313917999e+01
-1.461690724190065183e+01
-1.708250375228460527e+01
-1.958883618990493858e+01
-2.198383759259949244e+01
-2.411243979665937687e+01
-2.567381696503776567e+01
-2.718386155337396559e+01
-2.798483326745449062e+01
-2.810690638501227667e+01
-2.813436282074843930e+01
-2.895862154996862614e+01
-3.036171217245591691e+01
-3.154672367901319419e+01
-3.236471437163820042e+01
-3.263675385685920816e+01
-3.280007325297925291e+01
-3.320234702454938969e+01
-3.348969763196016203e+01
-3.367699990263934495e+01
-3.385551025405100489e+01
-3.405190151317216163e+01
-3.425952530697068710e+01
-3.520916254242332144e+01
-3.595096211688686338e+01
-3.616468122140260988e+01
-3.565716325881960103e+01
-3.560681535692694410e+01
-3.595449627607023046e+01
-3.639047673550339113e+01
-3.643254842309223562e+01
-3.617312054960516576e+01
-3.536450525194430128e+01
-3.425886353240149873e+01
-3.246059133177728029e+01
-3.079183107918477447e+01
-2.861107618917525386e+01
-2.662238179862840326e+01
-2.477826452743500951e+01
-2.310130787090865923e+01
-2.074942523574916464e+01
-1.770689926240043377e+01
-1.485332456114275779e+01
-1.211003893133850617e+01
-9.714192797194852957e+00
-7.243616950414943467e+00
-4.969742833491372025e+00
-2.870337501776250466e+00
-9.805141815284628137e-01
8.837504288089832460e-01
2.701192627896857434e+00
4.835000442164168355e+00
7.081548276188880386e+00
9.500829908082245367e+00
1.156243837741699565e+01
1.327590766398146727e+01
1.421360365323637787e+01
1.522478742887749803e+01
1.672060866969792414e+01
1.840052096261351622e+01
2.023639962064572018e+01
2.183012798388955389e+01
2.323592248794154358e+01
2.463632399402062489e+01
2.618210514896490437e+01
2.746425574797069302e+01
2.838198322602641710e+01
2.878784922804896595e+01
2.856239631838363024e+01
2.816520898327071976e+01
2.813104280959845482e+01
2.916565864322108936e+01
3.089496506501701134e+01
3.211080146624524190e+01
3.239732209770964033e+01
3.204072679800806611e+01
3.080612828258951552e+01
2.938435317230764809e+01
2.774432196030189957e+01
2.604956131816789267e+01
2.450518608125230458e+01
2.217988906582126774e+01
1.913494827478523064e+01
1.569677559990094196e+01
1.303584978105130787e+01
1.023408084304162635e+01
7.724109983773632671e+00
3.835566678331681967e+00
-7.387711891624131333e-01
-3.962946937598444741e+00
-5.611695755289445309e+00
-6.963478235398043559e+00
-7.765749800003475478e+00
-8.561355707563702566e+00
-9.217573770076722184e+00
-9.526947260213512791e+00
-9.967292599189056190e+00
-1.091402530855739705e+01
-1.258752821230914520e+01
-1.417729338806295125e+01
