-3.888870917823664541e+01
-4.105164557633317202e+01
-4.492285217077832726e+01
-4.929665560025362225e+01
-5.302457714792409860e+01
-5.487130160878775342e+01
-5.564653553099773831e+01
-5.515052440741288819e+01
-5.383957810149637879e+01
-5.223746474586558719e+01
-5.145293629625797394e+01
-5.136733986678518704e+01
-5.188046793217711894e+01
-5.238579400419289556e+01
-5.262350508577621611e+01
-5.308289283295162875e+01
-5.371230028796922795e+01
-5.417644946869836531e+01
-5.443749733168027660e+01
-5.429384049552107427e+01
-5.440492195269386855e+01
-5.661418752008661670e+01
-6.112410766585572475e+01
-6.685821075455990581e+01
-7.094873848580130016e+01
-7.290728249901889058e+01
-7.424680275517442851e+01
-7.570234696478036085e+01
-7.651968691309282633e+01
-7.651912743769005942e+01
-7.571032249222436405e+01
-7.454338128071047720e+01
-7.378520408588006774e+01
-7.340856295218198113e+01
-7.263916388023227455e+01
-7.132972901164846746e+01
-6.914534918955524745e+01
-6.705542395062590799e+01
-6.698208425401985266e+01
-6.840811821075121202e+01
-6.985086718044931331e+01
-6.946618428608562112e+01
-6.837839684554792541e+01
-6.642823953306060503e+01
-6.295048714436984483e+01
-5.782715407608088043e+01
-5.163044370544110251e+01
-4.462619781863382684e+01
-3.781767157151646330e+01
-3.019396001763925597e+01
-2.303587659600009019e+01
-1.637386980249808488e+01
-1.097905790882700749e+01
-6.948361945099057024e+00
-3.152349292071189968e+00
-1.880888046734243146e-01
3.202972591281834980e+00
7.656316678214977856e+00
1.344285602884193409e+01
1.910561517265363918e+01
2.314399949372454657e+01
2.501286721891653642e+01
2.580927937014722673e+01
2.654692935639336682e+01
2.677570713057845353e+01
2.623713044801344552e+01
2.438039585712094492e+01
2.120439824362431480e+01
1.884215226177696323e+01
1.815384775438499432e+01
1.837990692675847626e+01
1.805569348583682654e+01
1.753703075019705793e+01
1.786643736611278044e+01
1.901974343564540249e+01
2.123083399755904210e+01
2.383103970538301652e+01
2.572885953982293472e+01
2.823442131470421756e+01
3.285803877386625516e+01
3.746288361029965586e+01
4.064846467545412878e+01
4.106867926230744814e+01
3.989734377345520500e+01
3.779833063999149090e+01
3.552780668869246483e+01
3.338142651166701569e+01
3.180203480129075544e+01
3.018199084162125700e+01
2.792438246071357000e+01
2.496508685241611047e+01
2.192478126539209171e+01
1.904653925781561696e+01
1.676421215292277012e+01
1.450926722418031467e+01
1.256217526330142853e+01
1.127372634243776517e+01
1.116273699561551069e+01
1.169753345654023313e+01
1.265369765643433375e+01
1.353804913767185880e+01
1.381062901761732320e+01
1.372471095579297007e+01
1.365242902950997639e+01
1.394847812424876565e+01
1.390345421737510989e+01
1.310165148407084601e+01
1.187753153328964828e+01
1.118579252005904223e+01
1.124925780917846119e+01
1.144071045340937154e+01
1.092623871181202411e+01
9.671383391041567634e+00
8.485873103261125650e+00
7.837947738881113402e+00
7.982663975125961819e+00
8.619712890348813161e+00
9.062928705541391849e+00
8.649017597667086221e+00
8.215204598379582279e+00
7.813306615898762963e+00
7.427439317276243180e+00
6.953053923305868800e+00
5.035917743841973326e+00
2.186455899514351930e+00
4.855115409482945732e-01
2.194766589042086435e-01
7.956989508704027658e-01
2.369797438546946466e+00
5.476737125288186903e+00
9.944584177587131535e+00
1.456253034652450751e+01
1.838194233995837479e+01
2.132190891901080221e+01
2.342118487212720623e+01
2.527215712164371197e+01
2.759789991743290116e+01
3.034072518598789969e+01
3.391807064337172051e+01
3.868438383015645599e+01
4.574363055538731260e+01
5.337597514604608762e+01
5.882722734387812125e+01
6.305514224664254641e+01
6.658283663706015432e+01
6.946572073634732192e+01
7.218788467193434144e+01
7.425793778463093986e+01
7.539639100787033499e+01
7.589027280127506003e+01
7.609711298001812452e+01
7.678277397650879266e+01
7.686754050985456388e+01
7.634508402012636452e+01
7.615219650622809411e+01
7.541146064829075613e+01
7.359704865330532186e+01
7.155529260371766043e+01
7.031961395541571846e+01
6.997226682961158417e+01
6.985910968687754519e+01
6.900583235641789770e+01
6.764406897937237773e+01
6.531787885633156066e+01
6.227642252467563111e+01
5.856112992807764783e+01
5.583441148984035607e+01
5.317593177252263814e+01
4.974053136843674849e+01
4.579204046516940707e+01
4.291122985683109903e+01
4.121950299403700058e+01
4.084554205056111442e+01
4.180287983040113176e+01
4.285874178406343304e+01
4.258566770320224038e+01
4.128898671056711578e+01
4.016362045225349675e+01
3.932207996324282817e+01
3.780845813318756399e+01
3.519505428929219448e+01
3.261196748669722467e+01
3.113374490256426341e+01
3.060368073255958876e+01
3.065818329549885846e+01
3.151322079526768860e+01
3.208758043228314705e+01
3.235559982319157513e+01
3.139216764025495365e+01
3.053765244843418358e+01
3.007900617097106633e+01
3.024267886579733755e+01
3.044201663599402252e+01
3.003632461802734710e+01
2.944485964260421795e+01
2.893061137321704024e+01
2.850532952531996500e+01
2.757271126065827005e+01
2.600663506891901022e+01
2.458679691178391025e+01
2.379400295395102560e+01
2.370826796386452884e+01
2.376379423004804892e+01
2.356957830950529242e+01
2.311666412302445650e+01
2.310964392766966924e+01
2.328832475595444862e+01
2.340503320708380031e+01
2.277901518872481290e+01
2.152044295070683333e+01
2.035716679211927982e+01
1.936053984249958759e+01
1.833590096405367831e+01
1.706417941574663644e+01
1.589982182055998194e+01
1.451582688600648652e+01
1.332383928721938204e+01
1.185233713799680189e+01
1.001959394512063817e+01
7.918291710063239286e+00
5.487786914243863556e+00
3.976421816989294200e+00
3.842688143664875877e+00
4.709795210854000658e+00
5.454863167146134728e+00
5.765586884870955053e+00
6.292502651837480698e+00
7.408270163220086246e+00
8.987789850417630788e+00
1.103139621349246546e+01
1.365342664727300104e+01
1.571138482726842689e+01
1.719466869335615300e+01
1.828865649891204015e+01
1.952150214364806047e+01
2.013224253103641104e+01
2.026927878437943775e+01
2.045483281620717975e+01
2.093160026381772809e+01
2.221002816577133032e+01
2.430595186305551891e+01
2.618749677340795046e+01
2.741498382985820470e+01
2.719179446429689762e+01
2.681719788529375137e+01
2.712293117021411959e+01
2.710192394061938614e+01
2.623611677336476689e+01
2.482484473977799055e+01
2.334611988501332291e+01
2.233474162132964835e+01
2.133983082000117193e+01
2.016172679880890684e+01
1.821371217433972944e+01
1.618310129724033430e+01
1.517112766128612122e+01
1.406467338637609821e+01
1.278846763681331744e+01
1.125985141992914507e+01
9.973570985467608452e+00
8.483317970045986200e+00
6.614345743477525907e+00
4.417402859340582744e+00
2.221079343674671414e+00
9.177498477430376944e-01
3.113461171536270888e-01
-4.303540705253300347e-02
-5.262826283493300394e-01
-1.204555980183540598e+00
-1.938827489954839445e+00
-3.072807606867685504e+00
-5.152422490395803578e+00
-7.737375181369686494e+00
-9.653676518330572165e+00
-1.047514934182260760e+01
-1.090468202977253043e+01
-1.149140444586240051e+01
-1.242415643623203536e+01
-1.360922371338692116e+01
-1.481695449411339816e+01
-1.609425532098961042e+01
-1.721640067888280967e+01
-1.768361194728962715e+01
-1.780711910895818662e+01
-1.801946660197734928e+01
-1.834373865024585371e+01
-1.935907858464830156e+01
-2.081756718938025585e+01
-2.208252464837104512e+01
-2.375808393828737763e+01
-2.573536932084304141e+01
-2.757489282056632263e+01
-2.823545059550640701e+01
-2.730927238061834927e+01
-2.582684975647950409e+01
-2.521062630608152588e+01
-2.477640710142044611e+01
-2.287981202091334865e+01
-2.070306638208079875e+01
-1.984453266523232884e+01
-1.999080176196560643e+01
-1.984453014345625377e+01
-1.888804422874526523e+01
-1.757667244846539489e+01
-1.707016645398025645e+01
-1.754806453434373026e+01
-1.811497236423100077e+01
-1.843107700275870187e+01
-1.859358119896544537e+01
-1.879960330316043837e+01
-1.821053847821435667e+01
-1.730747134840619239e+01
-1.621964730120456366e+01
-1.415939415327801321e+01
-1.152669268267881364e+01
-9.066554442914963374e+00
-6.662096565148912575e+00
-4.647141116403435745e+00
-2.866370954451813891e+00
-7.599579239016671650e-01
2.034130961709185836e+00
5.461907675889786873e+00
9.529208859840988310e+00
1.358370342000959319e+01
1.750521779464165917e+01
2.125985207235335750e+01
2.459197118502925150e+01
2.769633352225435274e+01
3.120533088218899564e+01
3.430552407912480106e+01
3.711788998899108805e+01
3.903594780149664700e+01
3.974291514203410713e+01
3.855137519899981413e+01
3.484064794404491039e+01
2.980866578746551099e+01
2.672492812206470703e+01
2.726951894462842674e+01
2.924244090712369371e+01
2.922635039482884167e+01
2.779676486194810892e+01
2.720487000914846121e+01
2.728557129539955994e+01
2.626389740785919713e+01
2.403656154315181936e+01
2.261244795211610992e+01
2.155440166829881221e+01
1.944956995182668891e+01
1.671233638733768601e+01
1.537540758632261095e+01
1.573802740919465215e+01
1.697447038667003127e+01
1.698452354207245918e+01
1.559416406787581622e+01
1.400323673738616570e+01
1.318154419318492820e+01
1.297909617633011692e+01
1.248742123744296428e+01
1.151260785931946806e+01
1.021073130946587781e+01
9.588061356258586798e+00
1.010814292894998623e+01
1.005088842052994380e+01
8.873116283851969044e+00
6.838415702512632421e+00
4.230988805589942281e+00
1.740458570074379763e+00
-8.619334409488985660e-01
-2.931915652816535989e+00
-5.318950032852378662e+00
-7.642630790502216165e+00
-9.421955318421288084e+00
-1.067137150149342517e+01
-1.131231332081415353e+01
-1.207395843668806990e+01
-1.306644027050720958e+01
-1.382610269775475409e+01
-1.405897179196322000e+01
-1.416572181871906189e+01
-1.495918507985531498e+01
-1.614821315891405362e+01
-1.721211909482867952e+01
-1.770349169039707249e+01
-1.685051314812882239e+01
-1.504045414868292241e+01
-1.259345517376454104e+01
-9.882742034481912796e+00
-4.698435920659288279e+00
1.837239184375807133e+00
7.838276870419382369e+00
1.013789358717743738e+01
9.767169849210379340e+00
9.417305556472005179e+00
9.838615290944021652e+00
1.037260375115050692e+01
1.029892090300733898e+01
1.071760895991766382e+01
1.183378649592980558e+01
1.270873992944095754e+01
1.296938370973267141e+01
1.332965800581232862e+01
1.485464651648031875e+01
1.727382378861537049e+01
1.948837952087611214e+01
2.023616317161322797e+01
1.951901084397276165e+01
1.793872061815073593e+01
1.627929167330011850e+01
1.590957703076509056e+01
1.606139536552478120e+01
1.638592510332851049e+01
1.548669021398408674e+01
1.421715857794673532e+01
1.320306562982765719e+01
1.240125188398095446e+01
1.144653544202104989e+01
1.059205610653774166e+01
8.649989913990717483e+00
5.964956415072423468e+00
3.452690849256580208e+00
1.557113699009144314e+00
4.688305855900584129e-01
2.501033228744085901e-02
2.955289532615902881e-01
8.285558748393532236e-01
1.088634193799825178e+00
2.761030720531806870e-01
-1.340180175587936118e+00
-2.641795165045341509e+00
-2.760805775623226932e+00
-2.559338201240407340e+00
-3.235220990665927498e+00
-4.867673323245651495e+00
-6.581741530751544111e+00
-8.361250902249299344e+00
-1.054556594649284840e+01
-1.360136431001113522e+01
-1.685717954713458155e+01
-1.954746202243101294e+01
-2.125550385658134900e+01
-2.238099480578522460e+01
-2.373520451396213815e+01
-2.579106271452525689e+01
-2.756647550474727382e+01
-2.896816244335198576e+01
-2.961549976449490984e+01
-3.021248288380618163e+01
-3.135019374357322164e+01
-3.259902675902073099e+01
-3.314236475498434942e+01
-3.284886862622314396e+01
-3.213563115914299573e+01
-3.123984000674153805e+01
-3.042951542646792973e+01
-2.953671923288204937e+01
-2.882769864251150693e+01
-2.820679995727908818e+01
-2.750051644096289749e+01
-2.658636270373766308e+01
-2.600230120546416046e+01
-2.576767773040414156e+01
-2.487533796081131143e+01
-2.355523712808114567e+01
-2.225379109770702257e+01
-2.251278092275181919e+01
-2.399000768568435049e+01
-2.674034091558642956e+01
-3.197839640743909584e+01
-3.965196293267024430e+01
-4.984382647354309626e+01
-5.874113498752170415e+01
-6.476070294937748884e+01
-6.771998463527928891e+01
-6.857801763102233394e+01
-6.860850415888984344e+01
-6.793891878234620663e+01
-6.632314241760386153e+01
-6.458926373002474008e+01
-6.328773272160369601e+01
-6.309566046130243677e+01
-6.367014667248352566e+01
-6.462745088173564056e+01
-6.475732278806576403e+01
-6.416100605404442092e+01
-6.336508458349443629e+01
-6.262468886750993136e+01
-6.210020157708066790e+01
-6.181374855588590833e+01
-6.141636311543005888e+01
-6.106670918237904289e+01
-6.108316621609525043e+01
-6.169618900218678448e+01
-6.244687815354497928e+01
-6.282615131810754860e+01
-6.257726510535791675e+01
-6.244366841718569106e+01
-6.292025713671999654e+01
-6.376644807540477444e+01
-6.445587561281344335e+01
